image: mapping_scene_map.pgm
resolution: 0.050000
origin: [-2.849245, -2.339799, 0.000000]
negate: 0
occupied_thresh: 0.65
free_thresh: 0.196

