image: result.pgm
resolution: 0.050000
origin: [-2.882053, -2.334484, 0.000000]
negate: 0
occupied_thresh: 0.65
free_thresh: 0.196

