image: test3_scene_carto.pgm
resolution: 0.050000
origin: [-2.831474, -2.213137, 0.000000]
negate: 0
occupied_thresh: 0.65
free_thresh: 0.196

